0.8503
-0.23068
0.11984
-0.42241
-0.61157
-1.1106
1.0996
1.0805
-0.46129
-0.66688
2.3707
2.1246
1.2904
1.0957
-0.50875
-1.6189
3.629
3.9898
-1.3582
-1.6676
-0.61951
-1.0455
0.25227
0.16749
-0.63988
-0.81507
-0.67549
-1.1232
1.7755
1.0939
-0.95455
-0.034802
-1.0738
-1.1021
0.19027
0.24252
1.5038
1.1433
0.51899
0.18881
0.40616
-0.090339
0.076282
-0.26942
-0.42968
-0.78325
0.35257
-0.15845
-0.12502
-0.4987
0.0091084
-0.64666
0.52122
0.41854
0.71786
0.33763
0.96411
-1.0794
-0.67868
-1.3347
-0.32084
-2.0596
2.2855
1.0805
-0.47126
-1.2111
-0.95512
-1.0141
-1.9498
-1.967
0.12467
-1.2219
1.4903
0.72007
1.5512
1.0892
2.4431
2.1777
3.4021
4.0056
3.6104
4.229
-0.23203
-1.3668
2.2444
2.0336
-0.6677
-1.264
0.6954
0.99503
